Start: (3453.33, 5648.24)
Destination: (5480.00, 5753.10)
Radius: 50000.00 meters
Path: 894 845 837 831 829 830 833 947 948 949 950 952 956 960 966 973 974 1006 1013 1022 1027 1036 1050 2964 2954 2945 2938Time: 2299.86 mins
Distance: 3138.31 km
Distance (Walking): 55.61 km
Distance (Driving): 3082.70 km

Start: (3453.33, 5648.24)
Destination: (5480.00, 5753.10)
Radius: 500000.00 meters
Path: 894 845 837 831 829 830 833 947 948 949 950 952 956 960 966 973 974 1006 1013 1022 1027 1036 1050 2964 2954 2945 2938Time: 2299.86 mins
Distance: 3138.31 km
Distance (Walking): 55.61 km
Distance (Driving): 3082.70 km

Start: (1982.99, 4810.86)
Destination: (5480.00, 5753.10)
Radius: 500000.00 meters
Path: 2548 2557 2563 2569 2561 2556 2571 2604 2622 2621 2620 2619 810 790 736 727 724 720 714 731 803 831 829 830 833 947 948 949 950 952 956 960 966 973 974 1006 1013 1022 1027 1036 1050 2964 2954 2945 2938Time: 3877.32 mins
Distance: 5656.08 km
Distance (Walking): 72.44 km
Distance (Driving): 5583.64 km

Start: (1982.99, 4810.86)
Destination: (5689.69, 6558.13)
Radius: 500000.00 meters
Path: 2548 2557 2563 2569 2561 2556 2571 2604 2622 2621 2620 2619 810 790 736 727 724 720 714 731 803 831 829 830 833 947 948 949 950 952 957 967 964 978 984 1051 1060Time: 3625.74 mins
Distance: 5435.94 km
Distance (Walking): 64.63 km
Distance (Driving): 5371.31 km

Start: (1649.87, 8198.07)
Destination: (5689.69, 6558.13)
Radius: 500000.00 meters
Path: 5342 5348 5353 5356 5358 5368 5376 5382 4788 4781 4776 4773 4791 4797 4787 4780 4782 4798 4806 4810 4828 5521 5511 5509 5508 5510 5514 5519 942 938 885 879 855 847 839 833 947 948 949 950 952 957 967 964 978 984 1051 1060Time: 7528.44 mins
Distance: 5853.88 km
Distance (Walking): 367.15 km
Distance (Driving): 5486.73 km

Start: (2966.06, 5608.74)
Destination: (5689.69, 6558.13)
Radius: 100000.00 meters
Path: 5101 5099 5100 5108 5115 914 912 897 880 866 845 837 831 829 830 833 947 948 949 950 952 957 967 964 978 984 1051 1060Time: 2380.01 mins
Distance: 3318.64 km
Distance (Walking): 37.50 km
Distance (Driving): 3281.14 km

Start: (3062.47, 4979.38)
Destination: (5689.69, 6558.13)
Radius: 100000.00 meters
Path: 5463 5203 809 779 746 718 717 716 715 714 731 803 831 829 830 833 947 948 949 950 952 957 967 964 978 984 1051 1060Time: 3168.54 mins
Distance: 4268.41 km
Distance (Walking): 83.43 km
Distance (Driving): 4184.98 km

Start: (3062.47, 4979.38)
Destination: (5845.75, 6052.28)
Radius: 100000.00 meters
Path: 5463 5203 809 779 746 718 717 716 715 714 731 803 831 829 830 833 947 948 949 950 952 956 960 966 973 974 1006 1013 1022 1027 1036 1050 2964 2954 2945 2938 2946 2953 2966 2970 2995 3021 3032 3022Time: 3902.64 mins
Distance: 5166.19 km
Distance (Walking): 96.18 km
Distance (Driving): 5070.02 km

Start: (3062.47, 4979.38)
Destination: (6579.30, 6837.47)
Radius: 100000.00 meters
Path: 5463 5203 809 779 746 718 717 716 715 714 731 803 831 829 830 833 947 948 949 950 952 957 967 971 972 986 991 996 1005 1014 1024 1025 1045 1064 3324 3159 3146 3133 3130 3126 3120 3122 3116 3111 3115 3129 466 3175 3179 468 464Time: 4601.87 mins
Distance: 5831.79 km
Distance (Walking): 91.92 km
Distance (Driving): 5739.87 km

Start: (3062.47, 4979.38)
Destination: (7094.87, 7352.94)
Radius: 100000.00 meters
Path: 5463 5203 809 779 746 718 717 716 715 714 731 803 831 829 830 833 947 948 949 953 1065 1066 393 366 358 362 363 368 378Time: 4456.97 mins
Distance: 6626.21 km
Distance (Walking): 113.14 km
Distance (Driving): 6513.07 km

