
Start: (4020.00, 4241.59)
Destination: (4400.00, 4498.08)
Radius: 50000.00 meters
Path: 4593 4944 4892 5528 5427 5335 5228 5138 5625 12740 12671 2088 6452 9288 13274 13199 13042 12938 12857 13627 14051 14497 15014 15393 15881 15757 16227 16656 16580 16973 16839 17333 17763 17668 17567 17712 18054 262 748 989 1199 1703 2067Time: 842.00 mins
Distance: 606.52 km
Distance (Walking): 7.09 km
Distance (Driving): 599.43 km


Start: (4140.00, 3956.60)
Destination: (4400.00, 4498.08)
Radius: 50000.00 meters
Path: 14032 14304 14439 14519 14724 14773 15197 6664 15464 15574 15946 16472 16911 17113 6106 12116 13885 17455 17894 18121 292 108 18080 18030 9386 169 485 832 9307 1722 1957 1884 2097 9791 9926 10054 10692 10974 11304 11560 11844 11971 12047 12388 12502 12669 12937 13307 13782 14199 14702 15121 15584 16039 15919 16344 16795 17228 17126 17567 17712 18054 262 748 989 1199 1703 2067Time: 1591.08 mins
Distance: 873.05 km
Distance (Walking): 22.50 km
Distance (Driving): 850.56 km


Start: (4140.00, 3956.60)
Destination: (4480.00, 4583.58)
Radius: 50000.00 meters
Path: 13425 12975 13424 13221 13065 13249 13811 14079 14395 14723 14935 15104 15650 15975 16245 16596 16768 16692 16955 16812 17111 16989 17255 6569 6808 7144 6953 7267 7560 7870 8175 8563 8880 9223 9508 10105 10368 10689 11018 11017 11613 12254 12335 17037 12898 12854 13306 13749 13670 14049 14495 14957 15438 15880 16296 16749 17182 17667 18094 321 4280 746 1308 1702 2107 2319 2541 2669 3048 3515 3967 4215 8084Time: 1745.30 mins
Distance: 989.28 km
Distance (Walking): 16.85 km
Distance (Driving): 972.43 km


Start: (4140.00, 3956.60)
Destination: (5066.67, 4469.58)
Radius: 50000.00 meters
Path: 13425 12975 13424 13221 13065 12842 12608 12478 12240 11993 11915 11541 11367 11330 3938 11092 10960 10572 10492 9454 2995 606 561 605 268 16264 16192 16263 16302 17615 81 10278 3221 2159 1774 2072 2252 182 8058 2707 4220 4614 4841 5405 5737 6534 16370 166 580 917 1062 1608 17377 7208 3145 4642 4890 6939 7018 7168 8052 8006 8005 7941 7894 7893Time: 2402.30 mins
Distance: 1818.70 km
Distance (Walking): 22.59 km
Distance (Driving): 1796.10 km


Start: (3960.00, 4203.59)
Destination: (5066.67, 4469.58)
Radius: 50000.00 meters
Path: 4040 4452 4855 4817 4246 3686 3544 3779 4038 4100 4198 12671 2088 6452 9288 13274 13199 13042 12938 12857 13627 13535 13400 13307 13782 13671 14096 14050 14464 14371 14853 14743 15171 15629 15550 15994 16399 16838 17283 17762 18186 426 321 218 77 603 463 320 861 1307 1739 2156 2065 2497 9740 10181 914 10074 10075 9949 9899 9770 9699 10122 10076 9995 9900 6578 9487 9250 9656 9488 9089 9010 8811 8542 8193 7940 8233 8676 8436 8285 7797 7848 7849 7893Time: 2159.33 mins
Distance: 1549.41 km
Distance (Walking): 37.89 km
Distance (Driving): 1511.52 km


Start: (3960.00, 4203.59)
Destination: (4520.00, 6208.02)
Radius: 50000.00 meters
Path: 4040 4452 4855 4817 4246 4593 4944 5258 5626 5987 6177 6422 6505 6740 7071 14098 14411 14800 15123 15552 15671 16042 16346 16751 17183 17474 13421 18187 324 373 749 1098 1309 1539 1773 10021 2069 17933 10968 2582 3463 3465 3517 3650 4311 4568 5962 11483 6908 7866 8877 9831 13337 3555 1326 2333 3014 6787 7886 8609 9653 10990 13802 14619 15843 17432 2998 4795 7873 10063 12344 15326 16846 16798 12521 16154 16320 16321 17644Time: 2659.07 mins
Distance: 2445.60 km
Distance (Walking): 34.27 km
Distance (Driving): 2411.34 km


Start: (5526.67, 6664.00)
Destination: (4520.00, 6208.02)
Radius: 50000.00 meters
Path: 10839 10393 9596 9595 9519 9692 10236 10392 10391 10390 10389 10383 10388 10750 10796 10795 10543 10386 10380 10379 10378 10377 2934 8715 2939 2938 2937 1594 2936 2935 10314 2990 7179 2989 2988 2985 7472 7530 7471 6726 5478 4888 4887 4240 3622 3019 2418 1877 1332 1331 881 10505 12805 880 17644Time: 1696.48 mins
Distance: 1529.50 km
Distance (Walking): 8.19 km
Distance (Driving): 1521.31 km


Start: (5526.67, 6664.00)
Destination: (6893.33, 7575.97)
Radius: 50000.00 meters
Path: 10839 10840 10394 9597 9598 9599 9600 9335 8996 8998 8999 9390 9338 9732 10344 6969 9646 10345 10346 10348 10347 11822 10290 10291 17869 687 847 3420 11098 14780 15419 8117 8732 9020 9367 15830 18016 4844 1582 15454 5785 7736 7737 8376 8943 9081 9186 7988 3293 3292 3291 17330 17647 14979 5673 168 15362 6021 1003 1794 1998 5106 5105 5144 6963Time: 2447.45 mins
Distance: 2255.07 km
Distance (Walking): 28.21 km
Distance (Driving): 2226.86 km


Start: (9086.67, 6683.00)
Destination: (6893.33, 7575.97)
Radius: 50000.00 meters
Path: 11286 11284 35 2260 6398 8365 8575 9841 11676 5643 14666 611 8109 10859 14769 6837 7110 9056 10004 10921 10922 2082 1993 6878 2120 2121 11833 15006 11961 13430 13431 13480 16736 12963 1163 16852 1164 17498 9198 124 175 363 784 1342 1526 2240 2649 2882 3035 3452 3872 3873 3827 3828 4254 4655 5104 5144 6963Time: 3197.69 mins
Distance: 3716.16 km
Distance (Walking): 39.27 km
Distance (Driving): 3676.89 km


Start: (9086.67, 6683.00)
Destination: (6893.33, 7575.97)
Radius: 500000.00 meters
Path: 11286 11284 35 2260 6398 8365 8575 9841 11676 5643 14666 611 8109 10859 14769 6837 7110 9056 10004 10921 10922 2082 1993 6878 2120 2121 11833 15006 11961 13430 13431 13480 16736 12963 1163 16852 1164 17498 9198 124 175 363 784 1342 1526 2240 2649 2882 3035 3452 3872 3873 3827 3828 4254 4655 5104 5144 6963Time: 3197.69 mins
Distance: 3716.16 km
Distance (Walking): 39.27 km
Distance (Driving): 3676.89 km


Start: (3340.00, 3928.10)
Destination: (6893.33, 7575.97)
Radius: 500000.00 meters
Path: 4715 2344 3669 16671 10357 7290 16946 10803 8463 2138 16259 14358 14696 294 542 921 1279 2182 2473 2798 3103 3500 3824 4201 4595 5990 6328 7331 7947 8814 9094 3869 688 10490 10658 10841 10805 11225 11224 11273 11271 11272 18245 4867 25 139 324 373 749 1098 1309 1539 1773 10021 2069 17933 10968 2582 3463 3465 3517 3650 4311 4568 5962 11483 6908 7866 8877 9831 13337 3555 1326 2333 3014 6787 7886 8609 9653 10990 13802 14619 15843 17432 2998 4795 7873 10063 12344 15326 2853 18056 12520 17981 876 1791 6449 7469 8853 17937 18208 17148 16590 368 8889 9052 7257 12392 9829 13075 1915 1867 1868 5192 1869 17322 17267 17268 15617 9643 14474 14475 14472 14418 14417 9910 3293 3292 3291 17330 17647 14979 5673 168 15362 6021 1003 1794 1998 5106 5105 5144 6963Time: 6311.95 mins
Distance: 7258.54 km
Distance (Walking): 59.64 km
Distance (Driving): 7198.91 km


Start: (3340.00, 3928.10)
Destination: (4900.00, 4460.08)
Radius: 500000.00 meters
Path: 4715 2344 3669 16671 10357 7290 16946 10803 8463 2138 16259 14358 14696 294 542 921 8151 3067 4546 4454 4101 3912 4247 4649 4985 5380 5429 5758 6137 5989 5852 5577 5894 5576 5336 5666 5428 4944 4892 5528 5427 5335 5228 5138 5625 12740 12671 2088 6452 9288 13274 13199 13042 12938 12857 13627 13535 13400 13307 13782 13671 14096 14050 14464 14371 14853 14743 15171 15629 15550 15994 16399 16838 17283 17762 18186 426 321 218 77 603 463 320 861 1307 1739 2156 2065 2497 9740 10181 914 10074 10075 9949 9899 9770 9699 10122 10076 9995 9900 6578 9487 9250 9656 9488 9089 9010 8721 8435 8090 7755Time: 2905.55 mins
Distance: 2260.36 km
Distance (Walking): 37.87 km
Distance (Driving): 2222.49 km


Start: (6726.67, 3348.63)
Destination: (4900.00, 4460.08)
Radius: 500000.00 meters
Path: 14941 10907 11077 10759 10758 10723 8958 13564 16202 9555 16405 1681 2881 4984 5717 6594 7075 7541 9095 2506 2774 3432 8239 4841 5405 5737 6534 16370 166 664 1177 1223 1473 1519 2597 3062 3193 3337 3627 3775 4035 4589 5044 5375 5620 6035 6367 6736 7111 7581 7701 7700 7672 7755Time: 3379.47 mins
Distance: 2557.29 km
Distance (Walking): 103.96 km
Distance (Driving): 2453.33 km


Start: (4746.67, 1885.68)
Destination: (4900.00, 4460.08)
Radius: 500000.00 meters
Path: 1094 1038 936 984 985 1095 1096 8324 8381 8475 8477 5248 8476 8430 8380 13320 18204 18262 6661 17170 17786 1571 2980 5585 7054 8205 14220 15577 6102 1039 2976 5630 6674 12034 14989 17552 488 12391 5717 6594 7075 7541 9095 2506 2774 3432 8239 4841 5405 5737 6534 16370 166 664 1177 1223 1473 1519 2597 3062 3193 3337 3627 3775 4035 4589 5044 5375 5620 6035 6367 6736 7111 7581 7701 7700 7672 7755Time: 3502.78 mins
Distance: 3977.39 km
Distance (Walking): 19.17 km
Distance (Driving): 3958.22 km


Start: (4746.67, 1885.68)
Destination: (6933.33, 2294.16)
Radius: 500000.00 meters
Path: 1094 1038 936 984 985 1095 1096 8324 8381 8475 8477 5248 8476 8430 8380 13320 18204 18262 7086 7035 7087 7088 6552 6712 7218 7027 5944 16915Time: 2763.85 mins
Distance: 2615.12 km
Distance (Walking): 88.77 km
Distance (Driving): 2526.35 km


Start: (6973.33, 4897.07)
Destination: (6933.33, 2294.16)
Radius: 500000.00 meters
Path: 7296 10113 4739 10114 15111 9209 10811 8166 4407 17658 12618 958 17346 13969 10907 4091 15596 12188 8286 5526 3777 15358 2134 2099 1463 536 17499 13977 13934 13694 10000 5944 16915Time: 5413.33 mins
Distance: 3409.25 km
Distance (Walking): 285.40 km
Distance (Driving): 3123.84 km


Start: (3420.00, 5201.06)
Destination: (6933.33, 2294.16)
Radius: 500000.00 meters
Path: 4905 4958 5275 12398 6496 6357 6358 5703 4883 4085 17850 9774 3053 3001 2999 2998 1172 3002 3000 1940 2028 2867 2287 1670 1102 15763 15888 15502 14057 13867 13789 3201 11895 15137 176 17748 1611 1438 1484 12691 1485 11036 8645 16461 16207 16208 5243 6209 12102 8701 1248 10114 15111 9209 10811 8166 4407 17658 12618 958 17346 13969 10907 4091 15596 12188 8286 5526 3777 15358 2134 2099 1463 536 17499 13977 13934 13694 10000 5944 16915Time: 6516.30 mins
Distance: 7303.09 km
Distance (Walking): 132.97 km
Distance (Driving): 7170.12 km


Start: (3420.00, 5201.06)
Destination: (3366.67, 7433.47)
Radius: 500000.00 meters
Path: 4905 4958 5275 12398 6496 6357 6358 5703 6921 8364 283 12167 12168 14830 11012 12343 12344 15326 2853 18056 12520 17981 876 1791 6449 7469 8853 17937 18208 475 11487 1114 1380 2784 3092 4802 4758 5129 7157 7997 9691 10901 11900 14019 16003 1215 3811Time: 3999.37 mins
Distance: 4101.02 km
Distance (Walking): 114.30 km
Distance (Driving): 3986.72 km


Start: (6053.33, 7661.47)
Destination: (3366.67, 7433.47)
Radius: 500000.00 meters
Path: 2744 17805 14474 9643 15617 17268 17267 17322 1869 5192 1868 1867 1915 13075 9829 12392 7257 9052 8889 368 11487 1114 1380 2784 3092 4802 4758 5129 7157 7997 9691 10901 11900 14019 16003 1215 3811Time: 3373.90 mins
Distance: 4059.91 km
Distance (Walking): 107.77 km
Distance (Driving): 3952.13 km

